Track n°,Slice n°,X,Y,Distance,Velocity,Pixel Value
1,1,1009,112,-1.000,-1.000,-3820893
1,2,1010,112,0.129,0.064,-3688794
1,3,1010,112,0.000,0.000,-3688794
1,4,1010,112,0.000,0.000,-3820382
1,5,1010,112,0.000,0.000,-4017502
1,6,1010,112,0.000,0.000,-3558491
1,7,1013,117,0.752,0.376,-3557463
1,8,1013,120,0.387,0.193,-3491415
1,9,1013,121,0.129,0.064,-3425877
1,10,1012,126,0.658,0.329,-3426134
1,11,1012,128,0.258,0.129,-4149600
1,12,1012,128,0.000,0.000,-3754840
1,13,1012,128,0.000,0.000,-3360084
1,14,1012,130,0.258,0.129,-3688536
1,15,1013,133,0.408,0.204,-4215393
1,16,1013,133,0.000,0.000,-4018014
1,17,1017,138,0.826,0.413,-5926011
1,18,1018,142,0.532,0.266,-7176078
1,19,1021,146,0.645,0.322,-7307149
1,20,1022,148,0.288,0.144,-7372942
1,21,1024,150,0.365,0.182,-5331041
1,22,1024,152,0.258,0.129,-5396832
1,23,1024,153,0.129,0.064,-5527904
1,24,1025,157,0.532,0.266,-5592668
1,25,1025,158,0.129,0.064,-5657948
1,26,1025,161,0.387,0.193,-4540757
1,27,1025,162,0.129,0.064,-4606548
1,28,1025,166,0.516,0.258,-4672341
1,29,1026,172,0.785,0.392,-3816773
1,30,1026,174,0.258,0.129,-4211529
1,31,1026,177,0.387,0.193,-3488070
1,32,1028,178,0.288,0.144,-3553863
1,33,1028,181,0.387,0.193,-3422276
1,34,1028,184,0.387,0.193,-3224897
1,35,1028,185,0.129,0.064,-3224636
1,36,1028,190,0.645,0.322,-3290429
1,37,1028,198,1.032,0.516,-2962242
1,38,1028,201,0.387,0.193,-3224898
1,39,1028,206,0.645,0.322,-2896702
1,40,1029,208,0.288,0.144,-3029579
1,41,1029,208,0.000,0.000,-2897221
1,42,1029,208,0.000,0.000,-2634303
1,43,1029,208,0.000,0.000,-2502202
1,44,1028,212,0.532,0.266,-2501689
1,45,1028,213,0.129,0.064,-2369586
1,46,1028,213,0.000,0.000,-2369325
1,47,1026,216,0.465,0.233,-2697262
1,48,1026,221,0.645,0.322,-2500137
1,49,1025,226,0.658,0.329,-2173237
1,50,1025,226,0.000,0.000,-2369586
1,51,1025,226,0.000,0.000,-2434604
1,52,1025,229,0.387,0.193,-2631723
1,53,1025,229,0.000,0.000,-3552310
1,54,1025,233,0.516,0.258,-3421239
1,55,1025,237,0.516,0.258,-3618875
1,56,1025,238,0.129,0.064,-4408908
1,57,1025,238,0.000,0.000,-4606800
1,58,1025,241,0.387,0.193,-4606287
1,59,1026,244,0.408,0.204,-4737877
1,60,1028,245,0.288,0.144,-4211533
1,61,1028,246,0.129,0.064,-6382961
1,62,1028,246,0.000,0.000,-7172218
1,63,1028,252,0.774,0.387,-8026496
1,64,1028,254,0.258,0.129,-7959676
1,65,1028,256,0.258,0.129,-4802641
1,66,1028,258,0.258,0.129,-4144970
1,67,1026,266,1.064,0.532,-5460056
1,68,1026,270,0.516,0.258,-4932166
1,69,1025,274,0.532,0.266,-4606289
1,70,1025,278,0.516,0.258,-4539209
1,71,1024,285,0.912,0.456,-4604998
1,72,1024,285,0.000,0.000,-5130567
1,73,1021,292,0.982,0.491,-3753551
1,74,1020,297,0.658,0.329,-4936794
1,75,1020,304,0.903,0.451,-5069412
1,76,1020,308,0.516,0.258,-4477021
1,77,1020,309,0.129,0.064,-4542040
1,78,1020,310,0.129,0.064,-4804695
1,79,1020,312,0.258,0.129,-5066323
1,80,1021,320,1.040,0.520,-4607831
1,81,1022,341,2.712,1.356,-6320257
1,82,1022,346,0.645,0.322,-6780805
1,83,1024,354,1.064,0.532,-5660266
1,84,1024,358,0.516,0.258,-5528935
1,85,1025,362,0.532,0.266,-6052985
1,86,1025,368,0.774,0.387,-6382962
1,87,1025,370,0.258,0.129,-5462627
1,88,1025,374,0.516,0.258,-5264478
1,89,1025,380,0.774,0.387,-6052965
1,90,1025,385,0.645,0.322,-5660008
1,91,1025,393,1.032,0.516,-6449524
1,92,1025,393,0.000,0.000,-5527393
1,93,1024,398,0.658,0.329,-5922147
1,94,1024,402,0.516,0.258,-5792367
1,95,1024,408,0.774,0.387,-6054764
1,96,1024,424,2.064,1.032,-5463148
1,97,1024,426,0.258,0.129,-5529193
1,98,1024,429,0.387,0.193,-6252143
1,99,1024,433,0.516,0.258,-6976641
1,100,1024,441,1.032,0.516,-7042431
1,101,1024,446,0.645,0.322,-8291724
1,102,1025,452,0.785,0.392,-7108225
1,103,1026,460,1.040,0.520,-6383729
1,104,1028,472,1.569,0.785,-7502985
1,105,1029,476,0.532,0.266,-6055536
1,106,1029,481,0.645,0.322,-5594988
1,107,1029,486,0.645,0.322,-4345435
1,108,1029,490,0.516,0.258,-5068641
1,109,1029,496,0.774,0.387,-4937572
1,110,1030,504,1.040,0.520,-4871779
1,111,1030,510,0.774,0.387,-4739419
1,112,1032,516,0.816,0.408,-5924980
1,113,1032,521,0.645,0.322,-5134437
1,114,1032,532,1.419,0.710,-4543329
1,115,1030,540,1.064,0.532,-5332330
1,116,1029,546,0.785,0.392,-6385279
1,117,1028,549,0.408,0.204,-4477534
1,118,1026,562,1.697,0.848,-8622241
1,119,1026,574,1.548,0.774,-2832711
1,120,1026,580,0.774,0.387,-3358801
1,121,1026,589,1.161,0.581,-2503746
1,122,1028,597,1.064,0.532,-5727092
1,123,1028,600,0.387,0.193,-5990775
1,124,1029,602,0.288,0.144,-6517117
1,125,1029,616,1.806,0.903,-6780037
1,126,1029,622,0.774,0.387,-6188154
1,127,1030,626,0.532,0.266,-6253693
1,128,1032,638,1.569,0.785,-4674661
1,129,1033,645,0.912,0.456,-4740454
1,130,1033,656,1.419,0.710,-5594734
1,131,1033,664,1.032,0.516,-4608611
1,132,1033,672,1.032,0.516,-4936034
1,133,1032,678,0.785,0.392,-3950679
1,134,1032,684,0.774,0.387,-4279646
1,135,1030,689,0.695,0.347,-6449530
1,136,1030,696,0.903,0.451,-6121848
1,137,1029,702,0.785,0.392,-6121848
1,138,1029,709,0.903,0.451,-5924469
1,139,1029,709,0.000,0.000,-5069160
1,140,1026,722,1.721,0.861,-7831696
1,141,1025,729,0.912,0.456,-7437708
1,142,1024,738,1.168,0.584,-4739425
1,143,1024,748,1.290,0.645,-3424337
1,144,1026,761,1.697,0.848,-4412778
1,145,1028,766,0.695,0.347,-5726574
1,146,1028,770,0.516,0.258,-5529458
1,147,1028,776,0.774,0.387,-5399927
1,148,1028,776,0.000,0.000,-4936543
2,1,1066,77,-1.000,-1.000,-4880521
2,2,1068,82,0.695,0.347,-9349815
2,3,1068,85,0.387,0.193,-9676212
2,4,1068,88,0.387,0.193,-7044492
2,5,1066,86,0.365,0.182,-7835035
2,6,1066,86,0.000,0.000,-7505554
2,7,1066,86,0.000,0.000,-7636627
2,8,1066,92,0.774,0.387,-4868960
2,9,1062,97,0.826,0.413,-5132384
2,10,1062,97,0.000,0.000,-4671833
2,11,1062,97,0.000,0.000,-4803419
2,12,1062,98,0.129,0.064,-4803930
2,13,1061,98,0.129,0.064,-5330274
2,14,1061,98,0.000,0.000,-5461606
2,15,1061,98,0.000,0.000,-5527653
2,16,1060,101,0.408,0.204,-5659753
2,17,1060,101,0.000,0.000,-5790312
2,18,1060,104,0.387,0.193,-5723751
2,19,1060,108,0.516,0.258,-5657699
2,20,1064,112,0.730,0.365,-5526113
2,21,1065,117,0.658,0.329,-5328734
2,22,1065,120,0.387,0.193,-5394527
2,23,1065,121,0.129,0.064,-5722979
2,24,1064,128,0.912,0.456,-5262941
2,25,1064,129,0.129,0.064,-6052457
2,26,1064,132,0.387,0.193,-5789285
2,27,1064,134,0.258,0.129,-6447214
2,28,1064,138,0.516,0.258,-5920357
2,29,1064,141,0.387,0.193,-5722209
2,30,1064,141,0.000,0.000,-5524317
2,31,1064,146,0.645,0.322,-5066074
2,32,1064,149,0.387,0.193,-5460832
2,33,1064,152,0.387,0.193,-5920870
2,34,1064,157,0.645,0.322,-6182247
2,35,1064,160,0.387,0.193,-6118250
2,36,1065,164,0.532,0.266,-5131867
2,37,1065,169,0.645,0.322,-5986663
2,38,1065,174,0.645,0.322,-6183530
2,39,1065,174,0.000,0.000,-5327193
2,40,1065,180,0.774,0.387,-5131863
2,41,1065,182,0.258,0.129,-4934225
2,42,1065,186,0.516,0.258,-4275784
2,43,1068,193,0.982,0.491,-5197910
2,44,1068,194,0.129,0.064,-4013123
2,45,1068,200,0.774,0.387,-5263189
2,46,1066,205,0.695,0.347,-5526104
2,47,1065,209,0.532,0.266,-5132116
2,48,1062,216,0.982,0.491,-6447976
2,49,1061,221,0.658,0.329,-6973807
2,50,1060,226,0.658,0.329,-6908014
2,51,1058,230,0.577,0.288,-7500152
2,52,1058,233,0.387,0.193,-7039343
2,53,1057,236,0.408,0.204,-7038574
2,54,1056,242,0.785,0.392,-8418672
2,55,1053,253,1.471,0.735,-4602942
2,56,1052,258,0.658,0.329,-5453086
2,57,1049,273,1.973,0.987,-4535341
2,58,1048,277,0.532,0.266,-3812384
2,59,1045,284,0.982,0.491,-4404783
2,60,1038,296,1.792,0.896,-5069420
2,61,1036,301,0.695,0.347,-4804959
2,62,1034,301,0.258,0.129,-4409172
2,63,1029,305,0.826,0.413,-4016474
2,64,1020,309,1.271,0.635,-5004658
2,65,1008,317,1.860,0.930,-7306124
2,66,1001,322,1.110,0.555,-8358040
2,67,994,326,1.040,0.520,-8029845
2,68,990,330,0.730,0.365,-7568524
2,69,989,330,0.129,0.064,-7898772
2,70,980,336,1.395,0.698,-6121848
2,71,978,337,0.288,0.144,-6582401
2,72,974,341,0.730,0.365,-5859705
2,73,968,348,1.189,0.595,-7372942
2,74,966,349,0.288,0.144,-9412527
2,75,965,350,0.182,0.091,-11517387
2,76,964,352,0.288,0.144,-9413038
2,77,957,361,1.471,0.735,-11583694
2,78,953,365,0.730,0.365,-10794689
2,79,949,373,1.154,0.577,-10070457
2,80,949,373,0.000,0.000,-9873591
2,81,949,378,0.645,0.322,-9017249
2,82,952,390,1.596,0.798,-10794693
2,83,952,393,0.387,0.193,-9543595
2,84,952,401,1.032,0.516,-9411757
2,85,953,406,0.658,0.329,-5793394
2,86,953,414,1.032,0.516,-6647161
2,87,949,422,1.154,0.577,-8424855
2,88,949,436,1.806,0.903,-9543597
2,89,948,445,1.168,0.584,-9476260
2,90,946,453,1.064,0.532,-9016742
2,91,946,462,1.161,0.581,-7178119
2,92,949,468,0.865,0.433,-8096149
2,93,954,486,2.410,1.205,-9213351
2,94,956,492,0.816,0.408,-9409440
2,95,961,504,1.677,0.839,-10394545
2,96,961,505,0.129,0.064,-6316656
2,97,965,514,1.271,0.635,-5986923
2,98,969,528,1.878,0.939,-9078424
2,99,970,530,0.288,0.144,-5986664
2,100,972,536,0.816,0.408,-9537943
2,101,972,536,0.000,0.000,-10656684
2,102,980,545,1.553,0.777,-5722711
2,103,981,546,0.182,0.091,-5985624
2,104,988,572,3.473,1.737,-6249057
2,105,990,584,1.569,0.785,-9670309
2,106,992,594,1.316,0.658,-9407656
2,107,993,605,1.425,0.712,-9539743
2,108,993,608,0.387,0.193,-9276052
2,109,994,610,0.288,0.144,-4736854
2,110,998,626,2.128,1.064,-9670810
2,111,998,626,0.000,0.000,-5000281
2,112,1000,637,1.442,0.721,-7104366
2,113,1000,641,0.516,0.258,-4802390
2,114,1002,649,1.064,0.532,-4933195
2,115,1002,660,1.419,0.710,-4868695
2,116,1002,665,0.645,0.322,-4341058
2,117,1002,674,1.161,0.581,-4473422
2,118,1002,678,0.516,0.258,-4210244
2,119,1002,689,1.419,0.710,-4605011
2,120,1002,701,1.548,0.774,-4473674
2,121,1002,709,1.032,0.516,-4474452
2,122,1004,725,2.080,1.040,-7239310
2,123,1004,732,0.903,0.451,-7764615
2,124,1002,740,1.064,0.532,-6318978
2,125,1002,744,0.516,0.258,-6711673
2,126,1000,754,1.316,0.658,-6252163
2,127,998,766,1.569,0.785,-7962512
2,128,997,778,1.553,0.777,-7502230
2,129,997,782,0.516,0.258,-7961489
2,130,996,790,1.040,0.520,-8289945
2,131,996,792,0.258,0.129,-7632267
2,132,996,793,0.129,0.064,-6843513
2,133,996,800,0.903,0.451,-7960713
2,134,996,802,0.258,0.129,-6119025
2,135,996,812,1.290,0.645,-7632515
2,136,996,821,1.161,0.581,-8552337
2,137,994,826,0.695,0.347,-7368574
2,138,993,829,0.408,0.204,-5263703
2,139,992,836,0.912,0.456,-6052457
2,140,990,837,0.288,0.144,-4276037
2,141,989,845,1.040,0.520,-4538691
2,142,989,849,0.516,0.258,-4670023
2,143,988,866,2.197,1.098,-6184545
2,144,985,878,1.596,0.798,-5985883
2,145,985,886,1.032,0.516,-6642265
2,146,982,896,1.347,0.673,-9993579
2,147,982,905,1.161,0.581,-10323575
2,148,982,906,0.129,0.064,-6709095
3,1,1068,56,-1.000,-1.000,-3303290
3,2,1066,60,0.577,0.288,-4489106
3,3,1066,73,1.677,0.839,-3039865
3,4,1066,73,0.000,0.000,-2843509
3,5,1066,76,0.387,0.194,-5208715
3,6,1068,77,0.288,0.144,-6063249
3,7,1068,77,0.000,0.000,-5868185
3,8,1068,77,0.000,0.000,-6065313
3,9,1068,78,0.129,0.065,-7311273
3,10,1066,80,0.365,0.182,-9083820
3,11,1066,81,0.129,0.065,-9673900
3,12,1066,81,0.000,0.000,-8687005
3,13,1066,81,0.000,0.000,-9608107
3,14,1066,81,0.000,0.000,-10529211
3,15,1066,81,0.000,0.000,-10002865
3,16,1066,81,0.000,0.000,-9343911
3,17,1066,92,1.419,0.710,-7173255
3,18,1066,96,0.516,0.258,-4540247
3,19,1066,97,0.129,0.065,-7368317
3,20,1066,98,0.129,0.065,-9932961
3,21,1066,102,0.516,0.258,-7892865
3,22,1066,104,0.258,0.129,-9339286
3,23,1066,113,1.161,0.581,-4538705
3,24,1068,142,3.750,1.875,-5197148
3,25,1064,150,1.154,0.577,-3881800
3,26,1058,153,0.865,0.433,-4210253
3,27,1049,152,1.168,0.584,-10985640
3,28,1042,152,0.903,0.452,-6576740
3,29,1026,144,2.308,1.154,-3487806
3,30,1008,145,2.326,1.163,-3292230
3,31,1006,146,0.288,0.144,-3290429
3,32,993,149,1.721,0.861,-5329242
3,33,992,149,0.129,0.065,-7170935
3,34,989,156,0.982,0.491,-6446704
3,35,988,164,1.040,0.520,-7369857
3,36,988,172,1.032,0.516,-7369856
3,37,988,173,0.129,0.065,-7566722
3,38,988,180,0.903,0.452,-7104117
3,39,989,182,0.288,0.144,-6578541
3,40,990,186,0.532,0.266,-6446955
3,41,993,189,0.547,0.274,-6253685
3,42,994,192,0.408,0.204,-7766671
3,43,994,193,0.129,0.065,-7371913
3,44,978,180,2.659,1.330,-8091259
3,45,980,184,0.577,0.288,-8223615
3,46,984,189,0.826,0.413,-9934235
3,47,988,190,0.532,0.266,-7368053
3,48,989,198,1.040,0.520,-5526104
3,49,989,198,0.000,0.000,-5591642
3,50,994,198,0.645,0.323,-4541006
3,51,994,198,0.000,0.000,-4343620
3,52,994,198,0.000,0.000,-4934987
3,53,996,198,0.258,0.129,-6841960
3,54,1005,200,1.189,0.595,-3157554
3,55,1020,204,2.003,1.001,-3616057
3,56,1009,217,2.197,1.098,-4079165
3,57,1009,217,0.000,0.000,-4013374
3,58,1009,217,0.000,0.000,-2499622
3,59,1009,217,0.000,0.000,-2827821
3,60,1009,218,0.129,0.065,-5656667
3,61,1009,226,1.032,0.516,-1711900
3,62,1009,228,0.258,0.129,-1513749
3,63,1009,229,0.129,0.065,-5657940
3,64,1009,230,0.129,0.065,-7892599
3,65,1010,234,0.532,0.266,-7563124
3,66,1013,245,1.471,0.735,-1644565
3,67,1014,249,0.532,0.266,-2432800
3,68,1038,254,3.162,1.581,-11903154
3,69,1040,256,0.365,0.182,-11772084
3,70,1046,264,1.290,0.645,-13152970
3,71,1049,270,0.865,0.433,-13613267
3,72,1061,293,3.347,1.673,-3878965
3,73,1064,298,0.752,0.376,-3220524
3,74,1076,309,2.100,1.050,-8681603
3,75,1077,316,0.912,0.456,-9076361
3,76,1078,318,0.288,0.144,-7036267
3,77,1080,330,1.569,0.785,-8681603
3,78,1082,341,1.442,0.721,-13812683
3,79,1085,346,0.752,0.376,-13813457
3,80,1085,348,0.258,0.129,-13155527
3,81,1086,356,1.040,0.520,-13350865
3,82,1086,358,0.258,0.129,-13679062
3,83,1086,366,1.032,0.516,-13351117
3,84,1088,374,1.064,0.532,-13416660
3,85,1092,382,1.154,0.577,-13350867
3,86,1090,396,1.824,0.912,-13350867
3,87,1088,408,1.569,0.785,-13285072
3,88,1089,418,1.296,0.648,-13811931
3,89,1090,433,1.939,0.970,-12757961
3,90,1090,434,0.129,0.065,-12757961
3,91,1088,450,2.080,1.040,-13087695
3,92,1082,461,1.616,0.808,-12955331
3,93,1082,469,1.032,0.516,-13021133
3,94,1080,480,1.442,0.721,-13613267
3,95,1073,492,1.792,0.896,-10850215
3,96,1065,502,1.652,0.826,-9799835
3,97,1060,516,1.918,0.959,-12365512
3,98,1054,522,1.095,0.547,-10721964
3,99,1048,537,2.084,1.042,-13418963
3,100,1046,540,0.465,0.233,-12302281
3,101,1034,560,3.009,1.504,-7236990
3,102,1034,560,0.000,0.000,-13027027
3,103,1032,568,1.064,0.532,-12368842
3,104,1029,574,0.865,0.433,-11973827
3,105,1028,582,1.040,0.520,-11117765
3,106,1014,586,1.878,0.939,-7830156
3,107,1006,593,1.371,0.686,-9473950
3,108,1001,597,0.826,0.413,-7039343
3,109,985,606,2.368,1.184,-7499141
3,110,984,608,0.288,0.144,-8222358
3,111,984,612,0.516,0.258,-7895449
3,112,984,617,0.645,0.323,-7237516
3,113,982,622,0.695,0.347,-7106180
3,114,981,638,2.068,1.034,-6975625
3,115,982,644,0.785,0.392,-6318204
3,116,977,650,1.008,0.504,-6581629
3,117,969,654,1.154,0.577,-7239310
3,118,969,657,0.387,0.194,-6253185
3,119,970,668,1.425,0.712,-5791860
3,120,972,676,1.064,0.532,-5594481
3,121,972,677,0.129,0.065,-4870500
3,122,972,688,1.419,0.710,-5461610
3,123,970,697,1.189,0.595,-5527917
3,124,964,732,4.581,2.290,-4540506
3,125,965,737,0.658,0.329,-4737885
3,126,965,754,2.193,1.097,-4407889
3,127,966,769,1.939,0.970,-3684168
3,128,968,777,1.064,0.532,-5263202
3,129,964,782,0.826,0.413,-3947856
3,130,960,792,1.389,0.695,-2764095
3,131,957,806,1.847,0.923,-3419958
3,132,956,810,0.532,0.266,-3354680
3,133,952,820,1.389,0.695,-3616824
3,134,953,825,0.658,0.329,-3682871
3,135,953,828,0.387,0.194,-3420734
3,136,953,838,1.290,0.645,-3617078
3,137,953,852,1.806,0.903,-2960177
3,138,954,864,1.553,0.777,-6252395
3,139,954,865,0.129,0.065,-3946041
3,140,956,870,0.695,0.347,-3747631
3,141,957,880,1.296,0.648,-4269098
3,142,952,890,1.442,0.721,-4996937
3,143,952,897,0.903,0.452,-5523266
3,144,952,908,1.419,0.710,-7694698
3,145,953,909,0.182,0.091,-4995643
3,146,953,913,0.516,0.258,-8610111
3,147,954,924,1.425,0.712,-9860953
3,148,956,936,1.569,0.785,-10325628
